MDVRP ALGORITHM OUTPUT 

Printing values of frog leaping solution 
Values are the following: 
3.1477 
 11.7355 
 0.5415 
 3.5113 
 6.3570 
 11.3867 
 1.7293 
 0.6636 
 11.1272 
 11.5395 
 11.9115 
 6.7563 
 11.2313 
 4.2102 
 11.1193 
 11.1107 
 11.3682 
 6.5361 
 11.0003 
 11.6609 
 3.4422 
 11.4218 
 8.6860 
 11.2717 
 11.5521 
 2.9371 
 11.8895 
 3.7072 
 4.4234 
 6.2903 
 3.9190 
 9.0936 
 3.7721 
 3.7893 
 10.2148 
 11.2160 
 11.7554 
 11.2464 
 11.6973 
 11.0731 
 4.9585 
 11.5943 
 11.2583 
 1.6182 
 11.5950 
 11.9236 
 9.1390 
 11.1500 
 6.3603 
 10.0734 
 9.1563 
 11.4740 
 6.4013 
 11.2476 
 9.7008 
 11.0566 
 11.2375 
 11.7005 
 11.3352 
 11.7765 
 6.6409 
 0.2207 
 11.1042 
 0.6746 
 11.5400 
 11.6413 
 11.4082 
 3.7826 
 0.3012 
 3.6245 
 3.7728 
 12.2087 
 11.5644 
 1.3197 
 11.2803 
 3.2096 
 10.0993 
 11.0633 
 12.6424 
 5.6030 
 3.7089 
 0.2271 
 11.3524 
 0.9912 
 11.1699 
 3.5030 
 7.0361 
 10.6546 
 2.5597 
 6.9331 
 11.3661 
 11.9711 
 1.2741 
 10.6193 
 3.1823 
 11.3557 
 11.6190 
 11.5611 
 3.5262 
 3.8383 
 11.3384 
 11.6062 
 11.1846 
 11.6748 
 8.6080 
 11.1977 
 4.0338 
 3.4587 
 11.0328 
 11.6723 
 11.2582 
 11.5111 
 11.0779 
 11.0367 
 3.9362 
 1.8371 
 11.9871 
 0.1866 
 10.8123 
 11.0707 
 11.5369 
 5.2870 
 0.7488 
 6.2935 
 0.5525 
 1.1071 
 9.6005 
 11.4165 
 6.4993 
 6.4263 
 11.7746 
 11.6322 
 6.9810 
 11.6769 
 0.4878 
 11.9692 
 6.8330 
 3.3647 
 3.1611 
 3.2725 
 11.3622 
 3.2908 
 11.7327 
 10.8746 
 3.2725 
 11.2192 
 11.9651 
 2.7251 
 3.8458 
 11.2495 
 10.3707 
 1.6314 
 11.0127 
 3.3884 
 3.4028 
 3.9863 
 0.8399 
 11.8436 
 11.2669 
 3.3244 
 11.2348 
 11.4755 
 0.3150 
 3.7895 
 1.0238 
 11.6382 
 2.7465 
 11.5369 
 11.5746 
 11.8154 
 11.9628 
 3.5717 
 11.8511 
 11.5340 
 11.3489 
 5.2122 
 0.4816 
 11.4983 
 11.6500 
 11.2974 
 11.8900 
 7.8035 
 11.6425 
 3.4985 
 12.2994 
 3.5370 
 11.1151 
 7.2544 
 2.1482 
 0.5701 
 11.2676 
 3.0947 
 2.0284 
 5.4970 
 11.0461 
 11.6362 
 11.3291 
 11.0112 
 1.5443 
 1.9386 
 11.4617 
 3.0330 
 2.3096 
 11.5350 
 3.1529 
 11.1854 
 11.9091 
 1.2929 
 3.5974 
 4.7485 
 6.9738 
 11.5586 
 11.0593 
 11.2056 
 11.0335 
 11.9806 
 11.7815 
 3.4037 
 11.0436 
 11.5910 
 6.8191 
 11.5843 
 11.2391 
 0.9501 
 11.7703 
 11.0499 
 11.1383 
 6.7048 
 3.9055 
 11.2787 
 3.5463 
 3.8751 
 5.2454 
 3.2264 
 11.7463 
 8.3356 
 0.1014 
 5.3319 
 3.0757 
 11.4505 
 5.9747 
 11.1572 
 11.5902 
 3.5002 
 11.5008 
 3.7469 
 3.6950 
 2.7759 
 0.8715. 
